1
0
0
0
0
0
0
0
0
17
46
68
77
78
77
77
67
37
10
289
1275
3153
5721
8639
11627
14882
18269
20729
21379
24944
47399
116115
260543
503751
858024
1337117
1955564
2702973
3522331
4398573
5630309
8231815
14210927
26585292
49151678
86422675
143675490
226512312
339385785
484926476
668842556
916314137
1300795734
1980013802
3230832936
5482446698
9351363329
15671295882
25486884609
39998425026
60548060893
88927687901
128422448617
185970606032
275618200548
423328034997
673244705737
1095461516789
1794594970106
2917519467334
4659436302675
7273251631378
11098796350565
16642699475643
24751083327669
36924434577316
55830407186888
86077121652721
135301576137305
215586964336037
345167346921743
550418002761107
868447729496641
1351370370610130
2074565440769676
3152866277051285
4770587987991071
7233657206964825
11054591392891834
17082829678245744
26692868146724732
42041676686399128
66410651337147910
104667785399031320
163938782829398460
254677989900325570
392497003734204081
601357586920979901
919080593550740340
1406559721939097669
2162556076247208430
3346429338094547422
