1
0
0
0
0
0
0
0
0
11
24
44
65
71
68
63
53
140
514
1167
2084
3455
5031
6983
9423
12106
15500
23688
43674
83870
158071
278790
453354
694384
1008090
1417117
2024359
3075590
4991331
8491215
14652389
24863087
40970185
65265904
100518244
151337383
226924498
345318965
540393416
871766604
1434009243
2368674373
3878798002
6243875419
9859525565
15333483717
23667640520
36594756888
57149476994
90509485753
145171983271
234582354368
379226862387
609594469855
971133056685
1533020666129
2404120345704
3761671026252
5899674650091
9305866918390
14779467784267
23603879211778
37795495397046
60472978207663
96429046648021
153057608849621
241914340071405
381361161630135
600973990678143
948716297086633
1502281198502847
2386549347999533
3800114786339875
6055654650717442
9642214127905511
15323564302458516
24296972659008865
38452573582025077
60797562521471174
96144264023137518
152210243409843155
241351613483999607
383265276784277584
609183112687873524
968401313915364332
1538536771731024817
2441815745052934125
3871181097712041248
6132332710937337440
9711364311719142779
15383008394552588412
24382620980637449939
