1
0
0
0
0
0
0
0
0
11
24
44
65
71
68
63
53
126
428
975
1755
2970
4451
6362
8765
11420
14573
21284
36951
68628
127607
225316
369333
572944
844257
1203762
1723983
2573348
4045243
6658622
11221266
18836583
31014796
49704321
77270573
117371915
176587801
267214444
411941086
650849164
1048682598
1704914893
2766242943
4440398640
7023772893
10960816215
16951230314
26152436953
40527991834
63385906322
100164376810
159563387392
255053785354
407002513504
645997299826
1018330531958
1595467280631
2490658438428
3886879450301
6082026875222
9559638406564
15095574847110
23915231373778
37927694695408
60081255948979
94920099719758
149485785056063
234800743045461
368304553565007
577812203538910
907820701158979
1429347374682181
2255063552121620
3562453751749831
5629366176639153
8889265926418684
14018423817310599
22075157664106143
34723600433311369
54593061167367065
85851155037303465
135109336277305417
212841119831444434
335589762469328878
529399213338033080
835162099716709639
1317004670500542934
2075521093895754702
3268771780296499664
5145674296569619564
8099045206628762102
12749573983023668634
