0	0	1	0.0	0.0	100.0
0	0	1	0.0	0.0	100.0
0	0	1	0.0	0.0	100.0
1	6	12	5.2631578947368425	31.57894736842105	63.1578947368421
4	21	25	8.0	42.0	50.0
6	29	56	6.593406593406593	31.86813186813187	61.53846153846154
7	32	90	5.426356589147287	24.8062015503876	69.76744186046511
7	34	127	4.166666666666667	20.238095238095237	75.5952380952381
8	39	158	3.902439024390244	19.024390243902438	77.07317073170732
8	47	190	3.2653061224489797	19.183673469387756	77.55102040816327
8	52	211	2.952029520295203	19.18819188191882	77.85977859778598
8	65	316	2.056555269922879	16.709511568123393	81.23393316195373
8	132	639	1.0269576379974326	16.944801026957638	82.02824133504492
25	366	1291	1.4863258026159334	21.759809750297265	76.7538644470868
92	774	2394	2.8220858895705523	23.742331288343557	73.43558282208589
207	1332	4261	3.5689655172413794	22.96551724137931	73.46551724137932
382	2185	6845	4.058648533786656	23.215044623884403	72.72630684232894
601	3289	10623	4.1411148625370355	22.66244057052298	73.19644456693999
860	4577	15609	4.086287180461846	21.74760049415566	74.1661123253825
1119	5953	22042	3.8435117125781413	20.44720752902384	75.70928075839802
1379	7509	30182	3.5295623240337854	19.219349884822115	77.2510877911441
1694	10290	43326	3.0627372988609656	18.604230699692643	78.3330320014464
2523	17571	67133	2.8924530248661537	20.14399211253396	76.96355486259988
4707	33522	111954	3.1341763049080122	22.320768662232076	74.5450550328599
9191	61889	194740	3.4576028891731245	23.282296290723046	73.26010082010383
16981	108776	337270	3.66738872679131	23.49236653586076	72.84024473734793
29539	180917	564073	3.8138016781811914	23.35832486582168	72.82787345599714
48183	284160	910214	3.877729552849487	22.868971000927925	73.25329944622258
74581	427461	1408319	3.90402651645422	22.37592790053817	73.7200455830076
109881	620699	2113952	3.862885001821038	21.820777547941102	74.31633745023785
155871	886919	3132258	3.7333942028929967	21.243324627645	75.02328116946201
218208	1293989	4687235	3.5198063306444847	20.87270253145772	75.6074911378978
318000	1991546	7177430	3.3519637869854417	20.992421610426756	75.6556146025878
496889	3225634	11345789	3.297575733765003	21.40673752972463	75.29568673651036
825647	5396439	18398633	3.3534642103668864	21.91828353997298	74.72825224966013
1413378	9103297	30182319	3.4727590564032123	22.367375960201866	74.15986498339493
2410325	15122434	49413303	3.600398481989874	22.588982157008726	73.8106193610014
4003866	24460711	79886212	3.695280889925038	22.575480276382667	73.72923883369229
6427814	38414309	126682901	3.7474497015665773	22.395746174039306	73.85680412439412
9966054	58745082	197256372	3.747094551113364	22.08731526709646	74.16559018179018
15045476	88524079	303267732	3.6981556216109563	21.759086944260346	74.5427574341287
22464747	133649011	464466365	3.619959158762808	21.53614111162887	74.84389972960832
33812854	204948166	715202456	3.544460018718788	21.483858780354396	74.97168120092681
52009813	321341888	1115306764	3.493737094357637	21.586004819446615	74.92025808619574
82213576	514561938	1763873634	3.4826681495491765	21.797476276216205	74.71985557423461
132878174	834177222	2820207084	3.508554653967369	22.025862384906578	74.46558296112606
217013649	1354212468	4530095293	3.556830306371288	22.195396324810236	74.24777336881847
353644242	2182024336	7260568773	3.61000075160388	22.274106453507468	74.11589279488865
569560605	3469836840	11553799558	3.6526223896896917	22.252247818920218	74.0951297913901
902030854	5439369630	18221257381	3.672366642721219	22.144873978604352	74.18275937867443
1405712504	8434867270	28504804556	3.665923626954556	21.99708626574092	74.33699010730453
2167010901	13018487551	44373325001	3.638438060667981	21.858201348240794	74.50336059109122
3330820131	20135738509	69032223446	3.6009340403024948	21.768652575640356	74.63041338405715
5146011854	31387381552	107758387066	3.566392927695968	21.75271623187903	74.68089084042501
8037724342	49432285251	169195396494	3.5460745778360705	21.80848242542429	74.64544299673963
12709503131	78553068196	267320050475	3.54437230313349	21.90654633547048	74.54908136139603
20286381245	125454221992	424246608500	3.559094103739369	22.010006436756044	74.43089945950459
32506141617	200354740786	674318518736	3.5832098453941126	22.08545967142184	74.33133048318405
51982274570	318605964202	1070237249704	3.6078119790192673	22.112737923521752	74.27945009745898
82605578591	503370542522	1692637829428	3.625255544994244	22.091084907229995	74.28365954777576
130228892439	790200740717	2665685693752	3.631475303146071	22.035006369924037	74.33351832692989
203863907404	1234929069046	4183265253060	3.6261436484938026	21.965782256823626	74.40807409468258
317792480414	1927182335433	6552515439732	3.6123084104863805	21.906046832059424	74.48164475745419
495175609538	3012600653697	10265214857709	3.5952655831238256	21.873249080338596	74.53148533653759
773937887358	4727852909642	16112036474381	3.5807535502181786	21.87420511082819	74.54504133895362
1215928405579	7454226628643	25360613117018	3.5730266216006483	21.904373699455814	74.52259967894354
1920710045881	11797454610311	40027000633715	3.57373548954681	21.950727189458448	74.47553732099475
3045691963176	18705382227026	63287895871340	3.5815249890395635	21.99624738339266	74.42222762756778
4835653578590	29645371038062	100107605733530	3.5929138783924484	22.026653336859603	74.38043278474795
7667285928683	46879879049727	158206946908500	3.6038250263095106	22.034769920050298	74.3614050536402
12119087845510	73907328817876	249591685874700	3.6109756159933966	22.02125816782752	74.36776621617908
19084897752806	116184237593393	393004923711018	3.6126887977171953	21.993174868503086	74.39413633377971
29962259510721	182314516117767	617891799041067	3.609177753162645	21.961143999016887	74.42967824782046
46964245830015	285987484473213	970810103477035	3.6022105121640178	21.935561930355874	74.4622275574801
73627928565753	449084741982407	1525701539383831	3.5943867313924516	21.92353186210893	74.48208140649862
115625699091092	706564741152188	2400140526928902	3.5882626666546775	21.92713127082186	74.48460606252347
182030399323570	1114006976308665	3780738939068498	3.585550909471188	21.94319598212067	74.47125310840815
287253303059350	1759166423545170	5962553750686899	3.586643205572172	21.964942555161368	74.44841423926646
453995134664893	2779696705974600	9410041729801329	3.5906730566220286	21.984777601397102	74.42454934198086
717758946631229	4390572205679112	14851719512728773	3.595977578796504	21.996798902767257	74.40722351843624
1133845845342282	6927126546646384	23428305983724536	3.6007361992035536	21.998365488073816	74.40089831272263
1788391814711876	10913538380420414	36926622123049562	3.6035542669994087	21.990442740402372	74.40600299259822
2816038810556806	17172696334166729	58151499414522401	3.603826922763695	21.97676578657617	74.41940729066013
4428426613683204	27002696349098303	91519037293116801	3.601806296523927	21.96231082000798	74.4358828834681
6960090827196047	42459090096436958	144001636121293908	3.59841868808743	21.95166515431209	74.44991615760048
10941830031106651	66802286602741118	226626778103141587	3.5949002418781273	21.947659174332617	74.45744058378925
17216689093512835	105200155087936490	356840265294299914	3.5923700980348237	21.950671780959713	74.45695812100546
27121409868696318	165823795217446468	562212653693020164	3.591488793156777	21.95882533560969	74.44968587123354
42768350312372115	261551129545979101	886233396605457772	3.592310023172012	21.96887972946155	74.43881024736645
67482637982568174	412619044440954738	1397365193771323239	3.5943450634579786	21.977434045453304	74.42822089108871
106482309028441816	650773248493126836	2203222971531153596	3.5967938285474896	21.982028989798405	74.4211771816541
167943824633912581	1025804030869047129	3472862372435704163	3.5988397665707077	21.98178079513972	74.41937943828957
264684360183502366	1615898847046103136	5471956824132957852	3.5999036938864704	21.977423314302538	74.422672991811
416834011160196972	2544094936999529669	8618476587749374748	3.5997876563485542	21.97085963618764	74.4293527074638
656091660138573292	4004427824291599225	13570907110662000196	3.5986852521743447	21.96442392154641	74.43689082627925
1032494968028309617	6303377554525095683	21367901084987987319	3.5970704832936686	21.960100580186428	74.4428289365199
1625147007506473024	9925291914217976367	33648852801045007945	3.5955143223799544	21.958954523214445	74.4455311544056
2559125003156499129	15635228425032053544	53001336343703846313	3.594494289409673	21.96091993086461	74.44458577972571
4032011207542253871	24640139349225516040	83507119298146197233	3.5942569538534337	21.964966772464837	74.44077627368173
6355405872458222658	38841257404705804295	131599190123433397170	3.5947708898226605	21.96955225906591	74.43567685111142
10019863759729914355	61229709753343906576	207407051962317902085	3.595774456335248	21.97317564184424	74.43104990182051
15796669743429237989	96508197364244990283	326871016461680768786	3.5968891586312743	21.974839916045696	74.42827092532303
