1
0
0
0
0
0
0
0
0
0
0
0
0
0
0
0
0
256
1136
2802
5128
7616
9845
11837
13539
14826
15549
15512
14918
13872
12356
10594
8758
6995
5423
69574
518993
2211024
6783973
16619579
34463234
62942360
104164764
159495284
229382434
313053170
408316751
511606314
618217280
722751215
819544415
903138023
968870977
1030062784
1224175888
2177350044
5888621086
17372884878
47094954822
113914592790
247998385690
493087495260
907608048100
1564195373270
2547256362776
3948299894148
5859021268752
8362559315325
11523715492896
15379140279039
19928625536641
25132916809350
30952330457668
37566161634712
46181909111825
61356757420506
96504887044947
185091203075804
400608872608549
888473394943516
1912230488871570
3914931285662799
7594261760853910
13987166077709432
24556490172352753
41268985010437439
66651427960574873
103810286167764845
156400793205505689
228534925149669722
324633573520432213
449295582654616244
607495844725453898
806117193190706768
1059482101476835211
1404933616638781551
1940472277667782177
2905639834222205964
4839326345869868298
8863133055725094220
17154442305062020345
33686466711518488193
