1
0
0
0
0
0
0
0
11
35
68
109
136
139
131
116
179
554
1403
2730
4725
7421
10813
15127
20185
25993
35857
58235
105579
196235
352923
594649
942277
1417201
2048019
2927745
4297331
6618591
10703865
17879888
30057849
49851379
80719117
126974894
194642488
293959716
443802245
679155530
1062790250
1699531762
2753597491
4471157836
7206641583
11464171533
17984589108
27912046529
43103667267
66680428787
103913898156
163550283132
259727764202
414617172746
662056298858
1052999813330
1664327831784
2613797812589
4086125719059
6377537888729
9968906325523
15641665281786
24655213253674
39010806220888
61842926069186
98008950644387
155001355668737
244405884775821
384286528101524
603105296610468
946116757103917
1485632904697889
2337168075841160
3684410926803801
5817517303871451
9191819928388984
14518632103057837
22907689743729283
36093581481416742
56798758097417512
89316661600678434
140444216204670530
220960491314608882
347950456108749851
548430882300773312
864988975807361958
1364561313054742719
2152166770217252573
3392525764396297636
5344292874192254366
8414446076866119228
13244719503198381666
20848619189652430736
32827754474149721844
