1
0
0
0
0
0
0
0
0
0
0
0
0
0
0
0
256
1392
3938
7930
12744
17461
21682
25376
28365
30375
31061
30430
28790
26228
22950
19352
15753
12418
74997
588567
2730017
8994997
23403552
51082813
97405594
167107124
263660048
388877718
542435604
721369921
919923065
1129823594
1340968495
1542295630
1722682438
1872009000
1998933761
2254238672
3401525932
8065971130
23261505964
64467839700
161009547612
361912978480
741085880950
1400695543360
2471803421370
4111451736046
6495556256924
9807321162900
14221580584077
19886274808221
26902855771935
35307765815680
45061542345991
56085247267018
68518492092380
83748070746537
107538666532331
157861644465453
281596090120751
585700075684353
1289082267552065
2800703883815086
5827161774534369
11509193046516709
21581427838563342
38543656250062185
65825475182790192
107920412971012312
170461714128339718
260211079373270534
384935718355175411
553168498670101935
773929156175048457
1056791427380070142
1413613037916160666
1865599294667541979
2464415718115616762
3345405894306563728
4846112111889988141
7744966180092074262
13702459401594962518
26017575360787114565
50840909016580508538
99005911683157057980
