1
0
0
0
0
0
0
0
19
70
118
135
127
113
113
110
93
81
494
2313
6103
11363
16831
21511
25540
29091
31744
33265
42798
97280
263114
609784
1170496
1925864
2834153
3856422
4950135
6060282
7318616
9796876
16626897
33669816
68848559
130214788
224223272
355096818
524763442
732614421
979207024
1289359430
1772371042
2718094595
4692943244
8580484067
15541861060
26919023411
44118208152
68488827071
101279140825
144145780823
201345382454
285066729764
424615158692
678261636165
1144845778505
1972038975145
3359410353417
5555730724386
8852173498910
13584621319782
20190518083850
29417429889222
42823755949757
63700662408411
98456857477558
158376693200181
261549710217302
434713539279633
714777438817318
1150109945132447
1802876025534635
2756593125366859
4137856735535214
6166561030955624
9252190108991667
14152298635470044
22202483765109528
35616543586274229
57844224712227528
93970016875361670
151163927006958349
239305700465520106
372169146125941445
570021815904186479
865132694415946720
1312340301286613488
2007297719390701178
3115078432442761276
4911398607582086603
7837931601002119891
12572869208240379209
20120363743869149529
