#M	#F	#H	%M	%F	%H
0	0	1	0.0	0.0	100.0
0	0	1	0.0	0.0	100.0
0	0	20	0.0	0.0	100.0
0	0	52	0.0	0.0	100.0
1	4	87	1.0869565217391304	4.3478260869565215	94.56521739130434
1	10	120	0.7633587786259542	7.633587786259542	91.6030534351145
3	21	146	1.7647058823529411	12.352941176470589	85.88235294117646
3	31	174	1.4423076923076923	14.903846153846153	83.65384615384616
3	39	205	1.214574898785425	15.789473684210526	82.99595141700405
3	46	225	1.094890510948905	16.78832116788321	82.11678832116789
3	52	247	0.9933774834437086	17.218543046357617	81.78807947019868
3	56	264	0.9287925696594427	17.3374613003096	81.73374613003097
3	58	702	0.3931847968545216	7.601572739187418	92.00524246395806
3	58	2122	0.1374255611543747	2.6568941823179113	97.20568025652771
22	134	4947	0.43111894963746816	2.625906329610033	96.9429747207525
58	376	9240	0.5995451726276618	3.886706636344842	95.5137481910275
137	917	14660	0.8718340333460608	5.8355606465572105	93.29260532009673
245	1801	21037	1.061387168045748	7.802278733266906	91.13633409868734
351	2960	28401	1.1068365287588295	9.334006054490414	89.55915741675075
453	4330	36386	1.1003424907090287	10.51762248293619	88.38203502635479
543	5856	44796	1.0606504541459127	11.438617052446528	87.50073249340755
625	7467	53256	1.0187781182760645	12.171545934667797	86.80967594705614
713	9111	70724	0.8851864726622635	11.31126781546407	87.80354571187367
772	10649	124608	0.5675260422409927	7.828477751067787	91.60399620669122
1254	13747	262486	0.45191306259392333	4.954105958116957	94.59398097928911
2784	23177	542630	0.48963138706029463	4.076216471945564	95.43415214099414
6727	48651	1014960	0.6284930554647223	4.545386597504714	94.82612034703057
14400	103359	1716001	0.7852717912922084	5.636451880289678	93.57827632841811
26354	199963	2675672	0.9081357648150975	6.890549895261492	92.20131433992341
42475	348113	3911593	0.9872899350352763	8.09154705485427	90.92116301011045
62049	553657	5430080	1.026318166074684	9.15773399852393	89.81594783540139
84316	818556	7217340	1.038347274677065	10.08047573142179	88.88117699390115
109065	1141800	9442836	1.0198994716609338	10.677313682138672	88.30278684620039
135139	1516431	13001347	0.9222668769638155	10.349004228987306	88.72872889404887
170965	1968319	20285616	0.7623891299403788	8.777381393005097	90.46022947705453
244867	2649783	35828290	0.6323564274820042	6.8429282487331795	92.52471532378482
427111	4005058	66307151	0.6037816026504071	5.661714022696288	93.7345043746533
840478	6936902	120021049	0.6576591015841048	5.428002561752931	93.91433833666296
1643240	12858434	206335351	0.7440962402024751	5.822589758216495	93.43331400158102
3001119	23610195	335083564	0.8297377658745834	6.527655334947817	92.6426068991776
5053535	41287233	516024915	0.8986208000888988	7.341705628221984	91.75967357168912
7897059	68039470	757991590	0.9469711861340894	8.158913034565753	90.89411577930017
11599790	105912637	1072302402	0.9749239728125796	8.901606739009639	90.12346928817779
16182149	156618855	1491047993	0.972573173958526	9.413045010838806	89.61438181520266
21819268	222121692	2111587950	0.9263001573604122	9.429801139651476	89.64389870298811
29404186	307814243	3169825296	0.8384322610634117	8.777028949075905	90.38453878986068
41820930	430961707	5125720626	0.7470019759815223	7.697802193814672	91.5551958302038
65835503	635818925	8736133889	0.6975734228051346	6.736948357431569	92.56547821976329
113813349	1012983326	15101175813	0.7013405345871819	6.242205098320598	93.05645436709221
204530908	1717817722	25679438999	0.7410060201503335	6.223574157911292	93.03541982193838
362549014	2982729966	42275469071	0.7947020368773917	6.53809964419165	92.66719831893096
616394692	5120337827	66992802316	0.8475163403676401	7.040245532459963	92.1122381271724
996709053	8518115618	102239320715	0.8918765827946304	7.622192079388499	91.48593133781687
1534038187	13623468196	151171897342	0.9222892360849771	8.190655344694376	90.88705541922064
2260932142	20936355841	219401751721	0.9319625274521322	8.630024202298934	90.43801327024893
3229108986	31077602313	319071245965	0.9137833641354183	8.7944371385289	90.29177949733568
4563959429	45091679064	476111501508	0.8680571838307201	8.57635931068538	90.5555835054839
6582824271	65224546309	740615813727	0.8102703613283972	8.028395492508844	91.16133414616276
9984610359	96392163096	1199402915375	0.7646473937687279	7.381962203928057	91.85339040230322
16088524189	148397497413	1989346748108	0.7469718362194953	6.8899266229002905	92.36310154088021
27069874061	238726269390	3310048664595	0.7570203829900598	6.676080260889471	92.56689935612047
46133300745	395561834983	5434362874715	0.7851062849109275	6.73175510316615	92.48313861192293
77596149090	660608975591	8717075822110	0.8206646584767545	6.98666680882922	92.19266853269403
126866630221	1091297695641	13611732813710	0.855478827850194	7.358767801086013	91.78575337106379
200409184614	1762313359776	20729868870147	0.8831480766256461	7.766029571426788	91.35082235194757
306087781813	2768137481024	31015844891453	0.8978795890640928	8.120069769570858	90.98205064136505
454950298340	4232873216927	46148780127740	0.8949266192816998	8.326428033335517	90.77864534738278
666497197951	6341687666955	69296616835247	0.8734669157126761	8.310994230579704	90.81553885370762
980127155581	9417297629510	106323576302074	0.8397179140444999	8.068211840024695	91.0920702459308
1475131600302	14070192635503	167496741490052	0.8058975921476498	7.686862896628361	91.50723951122399
2299989020687	21448292877640	269670443769976	0.7838589767740443	7.309790071778293	91.90635095144766
3709236937716	33599467917923	438858720358539	0.7789774649216296	7.056229834035814	92.16479270104256
6104286483144	53942750794665	713077323234740	0.7895607479108684	6.97724112054925	92.23319813153988
10073433273316	87824702340272	1145546244165162	0.810123350680824	7.0630181589544785	92.1268584903647
16428087393753	143126372172367	1809238905939341	0.8344241544889254	7.269750837240415	91.89582500827066
26242182166118	230919206597705	2805933668619268	0.8567211162077879	7.5387541774491105	91.6045247063431
40931304944132	366329751972814	4286639728193378	0.8720104411659387	7.804377824406953	91.3236117344271
62471008053151	570190160675407	6494992598180030	0.8764596330868913	7.99968936934924	91.12385099756386
93948626629366	872812252356757	9849626761843460	0.8685767351267047	8.069350705054937	91.06207255981836
140743452368196	1322266433261106	15084102854617538	0.850561995784749	7.990919346581918	91.15851865763334
212688184259069	2000615973186779	23462715203785716	0.8283534190670095	7.7917684398054545	91.37987814112753
327533175286846	3052270975763162	37087133383790819	0.809384636543968	7.542629024336837	91.6479863391192
515908140370130	4728666008089688	59303231125203798	0.7992651929571144	7.325835461084295	91.8748993459586
827778950307677	7452667531104717	95215489491955902	0.7998178310312417	7.200927708912596	91.99925446005616
1340214836949050	11904637464605053	152336829985021919	0.8093980073408781	7.189586009883281	92.00101598277584
2166342931290249	19131022855672782	241484231687304470	0.8243891323106767	7.280198856979001	91.89541201071032
3466237557896991	30679241309624068	378231678184890410	0.8405503308362073	7.439607355779132	91.71984231338466
5463241594474812	48777279136539043	585602347218123548	0.8538411332122714	7.6233215340639635	91.52283733272377
8475140891760096	76614860836632080	899232672448698270	0.8610124620816492	7.7835107172232245	91.35547682069513
12979435093098590	118857736323822032	1376921463722845326	0.860272464448644	7.877849614614566	91.2618779209368
19744836387876645	182643237331429145	2115181857904788448	0.8519629167798171	7.8808080325514664	91.26722905066872
30074212981855454	279455749165010337	3276007886953566667	0.8387643429674213	7.79397013575306	91.36726552127952
46213482350449028	428441996155762781	5127430341593745299	0.8249334950321138	7.647901333794957	91.52716517117292
71982768377806464	661864261460444824	8101592547409252149	0.8147050041875924	7.491016781607994	91.69427821420442
113679237224941591	1033471103871585707	12874556512685238845	0.8107375115625199	7.370508559682592	91.81875392875489
181290836461170522	1630583060447588591	20474568570476690830	0.8134579429914675	7.316479796332795	91.87006226067574
290068372545399692	2590734357935500011	32433724421233102180	0.8213854069155252	7.336171731269402	91.84244286181507
462584823532337203	4124100598167118859	51017664753764473011	0.8319220026357905	7.416866819148489	91.75121117821573
731667549657207876	6544396766431338218	79606058004806676739	0.842138209924047	7.532501038890259	91.6253607511857
1145162844198548313	10314659495148317137	123359143991516784991	0.849407820994686	7.650748092694	91.49984408631131
1774520005700588591	16121892683655409354	190394949861740288326	0.8519412346084578	7.740067800315302	91.40799096507624
2730719950140116641	25007429782490449269	293814998089484639560	0.8492281816039831	7.777075096874711	91.37369672152131
