#M	#F	#H	%M	%F	%H
0	0	1	0.0	0.0	100.0
0	0	1	0.0	0.0	100.0
1	16	1	5.555555555555555	88.88888888888889	5.555555555555555
4	45	1	8.0	90.0	2.0
8	82	1	8.791208791208792	90.10989010989012	1.098901098901099
12	117	1	9.23076923076923	90.0	0.7692307692307693
16	153	1	9.411764705882353	90.0	0.5882352941176471
19	187	1	9.178743961352657	90.33816425120773	0.4830917874396135
23	223	1	9.31174089068826	90.2834008097166	0.4048582995951417
25	247	1	9.157509157509157	90.47619047619048	0.3663003663003663
28	272	257	5.026929982046679	48.833034111310596	46.14003590664273
30	291	1137	2.05761316872428	19.958847736625515	77.98353909465021
31	305	3059	0.9131075110456554	8.98379970544919	90.10309278350516
31	313	6265	0.4690573460432743	4.735966106824028	94.79497654713269
31	318	10675	0.28120464441219156	2.8846153846153846	96.83417997097243
31	320	16110	0.18832391713747645	1.9439888220642731	97.86768726079825
31	320	22512	0.135590254997157	1.3996413419061366	98.46476840309671
31	320	29648	0.10333677789259642	1.066702223407447	98.82996099869996
31	320	37337	0.08225429845043515	0.8490766291657822	99.06866907238378
31	320	45197	0.06806006849916571	0.7025555457978396	99.229384385703
287	4416	52849	0.49867945510147343	7.6730608840700585	91.82825966082846
1935	25920	60115	2.199613504603842	29.464590201204956	68.3357962941912
7521	91664	66721	4.5332899352645475	55.250563572143264	40.21614649259219
21037	240218	72471	6.303674271707928	71.98060684513644	21.715718883155642
47297	514882	77315	7.396003715437518	80.51396885662727	12.090027427935212
90761	955992	81229	8.046316341927442	84.75241626196163	7.201267396110931
155281	1599718	84310	8.442355254065522	86.97385811736908	4.583786628565401
243622	2473564	86652	8.6888757481709	88.22064612862798	3.0904781232011262
357540	3595101	153884	8.706631519350303	87.54606388613243	3.7473045945172623
497409	4965953	605645	8.195887729244669	81.82480264069558	9.979309630059744
661689	6569899	2364908	6.895110465319842	68.4614363409311	24.643453193749053
846759	8375098	7389618	5.097434153198316	50.41754570259414	44.485020144207546
1047418	10336474	18984487	3.449041517823523	34.036963250491574	62.5139952316849
1256845	12396488	41852852	2.264333245024856	22.33352553413642	75.40214122083873
1468129	14492332	81926847	1.4998154816965648	14.80511855530852	83.69506596299492
1674486	16559925	146017360	1.0194629804022022	10.082037410726	88.8984996088718
1869978	18541567	241420995	0.7141885420353025	7.081460157702324	92.20435130026237
2049876	20389289	375396992	0.5152563345317053	5.12504674128953	94.35969692417876
2276061	23114250	554469037	0.39251949767652966	3.986182180165525	95.62129832215794
3062572	33704866	783706127	0.3732688206718762	4.107977080285335	95.5187540990428
6552358	78606004	1066065506	0.5691645371619415	6.828038071913915	92.60279739092414
19012512	230021376	1401911570	1.1516135743837517	13.932705946485605	84.91568047913064
54854351	645300010	1788803182	2.2039086666734677	25.926517381337266	71.86957395198927
141694409	1614011838	2221441159	3.5627145422429436	40.582147786754675	55.85513767100238
325538029	3604714513	2691925656	4.915875400307372	54.43397029226244	40.65015430743019
675033372	7303030913	3190296624	6.044157934187332	65.39035559922556	28.56548646658711
1284069759	13635384110	3721973522	6.8882587801186475	73.14560105297035	19.966140166911
2272261541	23772692048	4414458640	7.459965162547063	78.04711354661774	14.492921290835195
3782786734	39107703364	5899311210	7.753232504719673	80.15548806423928	12.091279431041048
5977011876	61201692555	10303069132	7.7140875862116465	78.98850238015943	13.297410033628918
9025741892	91700749743	23272187330	7.278901652289067	73.95300539361678	18.768092954094158
13097297712	132226243625	57398016959	6.460732554589104	65.22554618090119	28.31372126450971
18343627185	184249198624	137186774697	5.3986840757016195	54.22609195773259	40.37522396656579
24885875056	248958697999	305396333075	4.296291023758398	42.980165137564676	52.723543838676925
32801033873	327137952310	630273750964	3.312523929706894	33.0371383883174	63.65033768197571
42111320927	419062793565	1213002170151	2.5153456845185085	25.030983738630642	72.45367057685085
52794164369	524702701564	2194462340261	1.9045794126778761	18.928947453178278	79.16647313414384
64936252531	645876797320	3760241913348	1.4523698112746681	14.44573602060756	84.10189416811777
79502489848	796065570070	6142727771175	1.1327890952641506	11.342718933892876	87.52449197084297
100968235873	1031878932643	9619200239740	0.9390605532065563	9.597045971455334	89.46389347533811
144341765830	1532679887990	14505182921736	0.8919783775817245	9.471391124947134	89.63663049747115
250636328579	2768577130624	21142756237352	1.0373174527022753	11.458408256421007	87.50427429087672
516097409290	5806882685615	29884093818341	1.4254049098985346	16.037978378282066	82.5366167118194
1140821372130	12808146726760	41071068720823	2.073465301137817	23.279058806756375	74.6474758921058
2501448525179	27752815222143	55016602310940	2.93353244878487	32.54665573958246	64.51981181163266
5250404700500	57418648515133	72022887572177	3.898083782734517	42.629609596010475	53.47230662125501
10440911366398	112598295703344	92582145728372	4.842243697531113	52.2203827413928	42.93737356107609
19672866320352	209507037242061	118204073932787	5.663147293724516	60.309931031564595	34.026921674710884
35249927353921	371285219403549	153938083604463	6.2893150724001385	66.24495146071234	27.465733466887517
60333072326728	629453622941688	214708057839711	6.670361781470228	69.59173845715394	23.737899761375832
99071437197945	1025141535518224	339028317809290	6.770683539306619	70.05963692769286	23.169679533000522
156688389681805	1609884409702675	615315900385476	6.578325414488848	67.58856574021105	25.8331088453001
239500481537807	2445787039694429	1227500488576918	6.120967477343313	62.50752746029096	31.371505062365728
354849690656027	3604873199483378	2527544211907002	5.469941118103335	55.56844111361195	38.96161776828472
510939480637687	5167563274759520	5142425885618631	4.721771093665779	47.75526617163242	47.52296273470181
716615509329208	7220886470468927	10121788599876034	3.9681265782154407	39.98433071671195	56.04754270507261
981356609322781	9859892949196747	19129544868373241	3.274376365686892	32.8983369901916	63.82728664412151
1316515258200439	13205030193884954	34678164857635997	2.67585977623187	26.83965029622495	70.48448992754318
1740951392943574	17472238195437836	60398281880424990	2.186809715765295	21.94688513235666	75.86630515187805
2298898848293919	23183594915180199	101329099730715610	1.812845959071755	18.281920663856674	79.90523337707157
3106747065291991	31698725380795288	164207660440141735	1.5610764074891696	15.927956573055248	82.51096701945558
4459770348710274	46391993354243394	257728328740848029	1.4452553673800208	15.0340201750676	83.52072445755238
7050172612411020	74999877818900480	392740038333448681	1.484903071745481	15.796428694209741	82.71866823404477
12373157716184807	133905546955406484	582357953961386094	1.6981245137183398	18.377547350778606	79.92432813550306
23425381150370553	255386691865867095	842029761966796173	2.0899809785138097	22.785256928755956	75.12476209273024
45825729656376277	499086425706622085	1189845436127524667	2.641621508455386	28.769807848357733	68.58857064318688
89506184455572044	969121011665691603	1648135431442010045	3.3067614996645927	35.80369411772652	60.88954438260889
171123875002848643	1838249424127625957	2249312158464080839	4.018232309166711	43.16471461515097	52.81705307568232
317327409780685627	3380334758610259488	3053049119455254955	4.700651475822902	50.07375688982765	45.22559163434945
568965166966260752	6011873604233688564	4189759303215053666	5.282577281551411	55.81745380058868	38.89996891785991
986246822675947669	10342628061902781171	5958658001347003251	5.70495992218114	59.827091176919794	34.46794890089907
1654762276676167341	17234373527291109882	9029048082923287252	5.927184530986587	61.731714344727806	32.34110112428561
2692130649411964738	27865542490491449135	14821744875162985646	5.9324926743620905	61.40568502055232	32.66182230508559
4254918958092779470	43798374032874907490	26183429031227887091	5.731555545812796	58.998259675016236	35.27018477917097
6545422770212175664	67045163650768966506	48508115081794428892	5.360763619638808	54.91062789823763	39.72860848212357
9818250890335114349	100135154318916415037	91502688911663381074	4.873643030347919	49.70569629867579	45.42066067097629
14388339137996488042	146204495151495115134	171831198371332358683	4.3283089441000415	43.98132529144463	51.69036576445533
20647390393548005163	209194993647439809447	316896846315219946250	3.7764603758351054	38.26229800834788	57.961241615817016
29109836473217939222	294407523736630322441	570021646621560425566	3.257813732882769	32.948480310964044	63.79370595615319
40541538922044087565	410009863035131592739	997251488264527616615	2.800211216309696	28.31945327670581	68.8803355069845
56289578531325635046	570797816167923856574	1695940601635618031805	2.4231123611138528	24.571284421388548	73.0056032174976
79050874629554027268	806761354137579355591	2805151967252617192663	2.141740489241284	21.857739910009744	76.00051960074897
