1
0
0
0
0
0
0
0
19
71
127
157
163
161
160
149
126
108
450
2039
5594
10940
17244
23769
30235
36226
41023
44296
52833
95335
229804
528424
1050361
1826286
2863556
4148352
5636024
7251920
9034170
11656175
17354842
30796604
59264215
112017002
199299792
331294394
516824577
761826811
1070492030
1458471397
1992423814
2863535129
4484415741
7582995934
13268891533
23058209910
38845230379
62807717302
97288798628
144922042133
209697770192
300092691781
435406280587
655846857173
1035964425061
1700160658805
2838305492342
4718812391143
7696916446043
12221420889496
18860672439641
28402097774339
42123138916982
62367059473421
93565897918617
143825786269009
227127223744518
366096107638545
595191225544080
964144707402954
1541896981626362
2422608662969199
3738125400641684
5685637232250868
8584658934335030
12982706699058612
19832693670018127
30765543881357795
48477621267175095
77245548501008510
123579952059536879
197059167725054441
311488457313317247
486768177004162847
752279133346677921
1153229042256128774
1762224119937464574
2699244457088261893
4164058133825880975
6485741029267978849
10194386142861441155
16120901857579498257
