1
1
0
0
0
0
0
0
11
24
44
65
71
68
63
53
247
835
1991
3753
6046
8457
10861
13046
18088
33856
75739
164824
322572
561209
886834
1291945
1818068
2664548
4394184
8149193
15811348
29895120
53351256
89134636
140778592
215206598
330801169
532227264
912564937
1637129228
2964767369
5257434613
8991776655
14815987117
23772167196
37869987159
61263246672
102197036304
175781893260
307364290531
536355547537
921084425637
1547819640405
2551789382746
4165437964387
6816359096947
11302757932348
19072279958823
32625411821323
56068229260215
95893523011976
162232472915323
271181204860359
449410601788870
743115748215813
1234297818130305
2068255325056662
3496990491438792
5944892794774085
10107890317435787
17110207640095078
28771055896540397
48085671176218201
80107446294049990
133532855193079131
223436925545461341
375795279025695481
634716477204097314
1073867550045051708
1814769303649311806
3057098565767050038
5130759365037145140
8587363404167852994
14361026058690028088
24046329891514910714
40367192106752182852
67949899730218745871
114580660918145119479
193252402554628641593
325541870574546560878
547294571411769106687
918358571387740738708
1539368428409891251912
2580566481868669860290
4330714201235225969537
7278946747154907214445
