1
0
0
0
0
0
0
0
17
55
91
122
145
152
152
141
133
287
986
2522
5062
8626
12906
17761
23153
28641
35299
49919
87153
168660
324131
584546
976282
1525932
2255385
3187156
4415406
6246329
9383348
15161723
25772893
44326699
74895957
122544336
193255509
294576659
438362369
647004288
965134573
1478289089
2337380925
3787301888
6199880846
10108291244
16247327693
25627433281
39698791210
60707360440
92405265146
141303586588
218648667529
343308605953
545732126412
873118696420
1396251280969
2219271930925
3495346905685
5454294367549
8452798679818
13063185823093
20222884864969
31473211243033
49322127047002
77774275752622
123091630076648
194893147627813
307799995360842
484023316220038
757610315052773
1181547743213442
1839604795489267
2865693006117433
4474659147320884
7009954737233131
11015910211331843
17346206674852274
27327244410793071
43008124471338123
67551700767960908
105858758856190124
165576070534112678
258726044600484153
404320414176686647
632497831958827484
990982851395828244
1555056373045503074
2442860301617472997
3838916146104770306
6030519754572019787
9464641429531647355
14837768000437360263
23238675056984536650
