0
0
0
0
0
0
0
0
11
24
44
65
71
68
63
53
119
415
1023
2009
3472
5256
7371
9775
12763
18400
31620
58884
109093
194319
327539
522512
796547
1181823
1767421
2746708
4460084
7468229
12661067
21319772
35192433
56690724
89487079
139919227
219353205
347726135
559411130
911949233
1497144839
2455544366
3999412607
6454086256
10334159172
16476118194
26264311388
42012947474
67578311737
109277137891
177248891759
287547584753
465482131868
751078816834
1208137122950
1939406502154
3112022986735
4999240211282
8047033314651
12978889752174
20960699487407
33861625460054
54669994419888
88163438459186
142001342749652
228516473911457
367643666170928
591666733862396
952855317780091
1535694756769149
2476422969958487
3994239671038099
6441322424014254
10383407514212937
16730197026954738
26946747135187119
43395817498592038
69891160281556386
112589509974694981
181425151798285907
292413506602626091
471350065432134517
759757987910088557
1224469146584358188
1973081271516266453
3178914265957648492
5121305593641943781
8250634115676838811
13293139425796491540
21419716273624085434
34517563334165167138
55627345455458834276
89647000823270394123
144465511022988335231
